temps de réponse 

110
114
122
121
122
130
127
136
138
138
1004
2251
2253
2643
2647
2648
2649
3647
2651
2654
2655
2655
2657
2659
2659
4123
4125
4123
2875
4127
2874
1481
2488
1478
1477
1474
1473
1472
1474
1472
2487
3041
3045
570
573
573
571
569
574
574
576
580
579
577
579
576
583
580
586
95
94
98
98
98
100
104
103
102
104
104
107
107
109
1019
1022
1023
1030
956
949
959
946
953
947
953
957
945
941
942
943
110
121
118
113
110
111
112
111
155
159
157
164
158
178
1269
399
399
291
289
290
285
286
232
289
237
226
643
774
780
780
782
710
646
647
642
647
642
646
651
646
648
657
648
2008
96
97
101
106
98
97
97
92
93
100
85
88
97
97
96
644
644
823
828
829
829
830
832
834
834
834
837
837
765
89
650
654
655
655
1730
1731
1731
1731
1731
1731
1731
1732
3015
3015
3015
2017
3016
3015
2018
2018
2018
1287
1288
2019
1287
1291
1300
1298
1970
686
1970
693
693
693
692
691
695
695
699
699
699
690
704
700
692
80
95
96
90
88
96
99
104
106
105
100
101
113
115
118
1018
1019
944
963
934
950
945
943
756
754
755
755
756
758
757
759
759
111
1838
115
114
116
121
121
125
125
78
85
89
89
90
91
130
130
129
135
137
139
142
143
143
145
659
784
769
788
78
74
80
81
84
87
88
92
96
101
101
100
102
107
107
111
116
85
90
90
90
94
99
100
101
104
107
108
111
115
124
124
124
1489
1489
98
350
79
80
88
89
91
101
100
100
101
102
103
105
110
109
113
115
117
121
81
91
94
99
100
100
101
103
105
106
109
113
114
121
122
123
127
127
94
98
100
102
108
108
110
115
116
119
122
122
125
126
129
135
135
138
81
93
94
95
96
99
100
100
103
111
111
114
115
118
123
124
126
87
93
106
107
108
109
109
113
114
118
120
121
131
133
136
138
1277
327
87
90
95
97
99
103
105
108
109
116
116
116
120
123
123
127
134
139
145
88
91
97
98
99
102
102
103
105
108
114
114
119
120
120
121
125
126
87
89
97
98
102
105
106
111
111
114
118
116
120
126
131
131
131
132
97
101
100
103
104
105
108
112
113
118
121
121
125
125
129
133
136
137
89
92
92
95
97
97
100
109
194
193
194
193
194
195
195
199
200
201
87
90
91
96
99
101
106
106
106
107
111
115
116
119
121
123
125
134
79
86
92
94
95
98
99
104
105
109
111
115
115
119
123
124
126
81
92
93
95
100
102
105
105
108
112
112
116
121
121
123
124
127
1476
79
106
115
115
120
120
122
127
128
132
132
135
135
139
140
143
149
151
160
97
100
103
107
108
109
111
128
127
128
129
130
132
135
135
141
144
388
85
90
93
98
98
101
107
108
108
108
111
128
128
128
130
128
88
95
99
100
102
104
106
110
112
116
116
120
127
127
126
128
1281
83
1484
82
75
80
84
97
97
100
103
107
108
111
115
117
118
120
123
124
126
132
86
87
88
89
91
92
93
95
96
97
102
106
103
104
107
111
113
122
74
86
86
87
88
94
94
97
102
105
105
105
108
110
114
118
120
123
84
87
91
93
96
101
104
106
106
112
119
119
123
127
128
130
133
230
246
259
258
259
269
281
281
271
270
271
268
269
268
271
269
274
1529
98
144
145
150
148
153
156
159
159
165
166
168
174
174
175
176
177
182
184
102
103
103
105
106
107
109
111
113
115
121
121
125
127
126
131
140
481
129
133
132
137
142
142
144
151
151
152
157
157
166
169
172
171
178
473
101
103
111
111
111
113
113
113
124
127
127
131
129
129
129
129
129
135
95
99
103
114
114
114
116
117
119
123
123
126
129
130
132
136
137
361
93
95
95
100
100
100
101
102
102
103
105
108
108
112
112
116
119
120
94
96
97
221
226
227
228
231
248
253
252
258
258
261
263
269
89
90
91
94
94
96
156
156
157
158
158
160
164
165
168
171
1682
1682
82
85
87
94
95
100
103
104
107
107
112
115
116
120
119
121
122
126
128
131
90
93
94
99
99
143
144
144
145
146
152
151
149
156
159
162
162
171
75
83
84
86
91
98
106
110
115
124
122
123
122
124
125
129
129
87
87
89
91
93
94
101
106
110
111
111
117
117
118
125
126
128
1678
103
83
85
85
86
87
95
97
99
101
103
103
103
105
109
113
115
116
120
97
99
98
98
100
101
104
105
227
233
234
235
238
263
264
264
264
265
96
98
98
99
101
103
104
106
107
108
162
166
166
166
168
174
174
174
79
85
89
91
93
93
101
107
107
114
115
117
116
126
126
126
127
130
109
109
109
109
109
110
109
113
115
117
123
143
144
153
158
158
159
160
89
96
97
102
102
105
105
107
113
114
114
115
